[
  [ 1423, 2143, 2341, 4231 ],
  [ 1523, 2153, 2351, 2531, 3251, 5231 ],
  [
    1237, 1327, 1723,
    2137, 2371, 2713,
    2731, 3217, 3271,
    7213, 7321
  ],
  [ 1283, 1823, 2381, 3821, 8123, 8231 ],
  [ 4261, 4621, 6421 ],
  [
    1427, 2417,
    2741, 4127,
    4217, 4271,
    4721
  ],
  [ 1249, 1429, 4129, 4219, 9241, 9421 ],
  [ 2851, 5281, 5821, 8521 ],
  [ 1259, 2591, 9521 ],
  [ 1627, 2617, 2671, 6217, 6271, 7621 ],
  [
    1279, 1297, 2179,
    2719, 2791, 2917,
    2971, 7129, 7219,
    9127, 9721
  ],
  [ 1289, 2819, 8219, 8291, 9281 ],
  [
    1453, 1543,
    3541, 4153,
    4513, 5413,
    5431
  ],
  [ 1483, 4813, 4831, 8431 ],
  [
    1439, 1493, 3491,
    4139, 4391, 4931,
    9341, 9413, 9431
  ],
  [ 1753, 3517, 3571, 7351 ],
  [ 1583, 3581, 3851, 5381, 5813, 8513 ],
  [
    1367, 1637, 3167,
    3617, 3671, 3761,
    6173, 6317
  ],
  [ 1693, 3169, 3691, 9613, 9631 ],
  [ 1783, 1873, 3187, 8317, 8713, 8731 ],
  [
    1973, 3719,
    3917, 7193,
    9137, 9173,
    9371
  ],
  [ 4561, 4651, 5641, 6451 ],
  [
    4157, 4517, 4751,
    5147, 5417, 5471,
    5741, 7451, 7541
  ],
  [
    1459, 1549,
    4159, 4519,
    4591, 4951,
    5419
  ],
  [ 4861, 6481, 6841, 8461, 8641 ],
  [ 4691, 6491, 9461 ],
  [
    1487, 1847, 4817,
    4871, 7481, 7841,
    8147, 8741
  ],
  [ 1489, 8419, 8941 ],
  [ 1567, 1657, 5167, 6571, 7561 ],
  [
    1579, 1597, 1759,
    5179, 5197, 5791,
    7159, 7591, 7951,
    9157
  ],
  [ 5189, 5981, 8951, 9851 ],
  [ 1867, 6781, 6871, 7681, 8167, 8761 ],
  [
    1697, 6197,
    6719, 6791,
    6917, 6971,
    7691
  ],
  [
    1789, 1879, 1987,
    8179, 8719, 8971,
    9187, 9781, 9817,
    9871
  ],
  [ 2543, 4253, 4523 ],
  [
    2347, 2437,
    2473, 4273,
    4327, 4723,
    7243
  ],
  [ 2843, 4283, 8243, 8423 ],
  [
    2357, 2753, 3257,
    3527, 5237, 5273,
    7253, 7523
  ],
  [ 2539, 2593, 2953, 3259, 3529, 5923 ],
  [ 2683, 6823, 8263, 8623 ],
  [ 2693, 2963, 6329, 9623 ],
  [ 2837, 7283, 7823, 8237, 8273 ],
  [ 2389, 8293, 8329, 8923, 9283 ],
  [ 2459, 2549, 4259 ],
  [ 2467, 2647, 6247, 6427 ],
  [ 2749, 4297, 4729 ],
  [ 2857, 5827, 8527 ],
  [
    2579, 2957,
    5279, 5297,
    5927, 7529,
    9257
  ],
  [ 2687, 6287, 6827, 8627 ],
  [ 2689, 6829, 8269, 8629 ],
  [ 2789, 2879, 2897, 7829, 8297 ],
  [ 3457, 3547, 4357, 5347, 5437, 5743 ],
  [ 4583, 5483, 5843, 8543 ],
  [ 3467, 4637, 4673, 6473, 7643 ],
  [ 3469, 4639, 9463, 9643 ],
  [
    3947, 4397, 4793,
    4937, 4973, 7349,
    9437, 9473, 9743
  ],
  [ 3659, 5639, 5693, 6359 ],
  [
    5387, 5783,
    7583, 7853,
    8537, 8573,
    8753
  ],
  [
    3697, 3769, 3967,
    6379, 6397, 6793,
    7369, 7639, 7963
  ],
  [ 6389, 6983, 8369, 8693, 8963 ],
  [ 4567, 4657, 5647, 6547 ],
  [
    4597, 4759, 4957,
    5479, 5749, 7459,
    7549, 9547
  ],
  [ 4679, 4967, 6947, 7649, 9467 ],
  [ 4789, 4987, 7489 ],
  [
    5879, 5897,
    5987, 7589,
    8597, 9587,
    9857
  ]
]
